#0.416736182456269  0.8720588235294117
#0.5309860821210961  0.8391121421830763
0.5396637187667572  0.9150794274929221
0.6937200167423363  0.8065508021390373
0.8315297563951578  0.7704732227115444
0.9937594728714583  0.7354553318653663
1.108594661049624  0.7053601761560238
1.2165604103606942  0.691445298918892
1.7556192485907083  0.6739741270839885
2.2206151538309147  0.6577897923875431
2.72940685394264  0.6427325810003144
3.240054604114686  0.6249266016567052
3.702023882267893  0.6057879836426548
4.2928718039263405  0.5799802569493882
5.2861626087524005  0.5413589178987103
5.9341976099094165  0.5148956039635104
6.326795698840728  0.4997324237181503
6.83504758893846  0.4820452579427492
7.314227478415626  0.46142392096157336
7.735492216125495  0.44722003774771935
8.398589550568653  0.4196681346335325
9.261354495212883  0.3781391588439482
9.895183102437608  0.3569345706196916
10.111368115074418  0.34895800566215773
10.578926634886548  0.32757156338471205
11.307786503804754  0.294598516580851
12.127766136573259  0.2680363321799306
13.352083290387329  0.21927314192570557
14.291055345439043  0.19528189253338657
15.418559128411145  0.15891375970596489
16.32186791982759  0.13405316137150036
16.564316342124776  0.12769502988361114
17.45019570308915  0.10613243158225849
18.495039115040733  0.08550624161851594
19.612634507672396  0.07134712173639501
20.680839062930993  0.06084127809906348
21.567978647327536  0.05070383768480635
22.326829765343966  0.04469251336898372
22.680965211987754  0.03669816342826704
23.65487906200343  0.02375884712173626
