#0.2785804107431957  0.7295788770053475
0.28225823721215626  0.7474972475621263
0.3470862844185003  0.7095961780434098
0.3777630858416323  0.6821818968229002
0.38138159252883597  0.6998112614029568
0.4121092394791912  0.6726446995910662
0.49100454921658176  0.6443221138722868
0.7253572336796363  0.6069440075495438
0.8991246477077581  0.5691805599245044
1.0372210996390745  0.5344998427178357
1.3416939289311216  0.5005188241916524
2.1242592224379084  0.4778546712802767
3.180941970801479  0.4590555206039634
4.0014233438627205  0.44313863112089746
5.076097420266899  0.419966774142812
6.102481066218752  0.40386914123938333
7.1596609708484795  0.38749213589178977
8.172323088987271  0.36877555835168263
9.200874716857674  0.35251277917584134
10.198658586306246  0.33626926706511473
11.13908615877355  0.3193692985215476
12.108234317906183  0.30320379629476324
13.180846494200361  0.2870529254482541
14.193960148868387  0.27053623387857806
15.207061939580063  0.2539617411135576
16.27781761484482  0.2394935514312676
17.179402246555625  0.2264194715319281
21.28697277573363  0.17264027603019805
22.28832388262945  0.1619849009122365
23.328770539117976  0.15061320383768462
24.414375933082674  0.13942867253853397
25.375949595370763  0.12869416483170792
26.33407282368661  0.11799406259830125
27.533676996906692  0.11096158383139343
28.541951298148355  0.10147996467200604
29.556775872214068  0.09329887240786883
30.361618025300835  0.09037371070015376
31.392272026519137  0.07952186222082402
32.538943746101296  0.0735931110412078
33.33431961479267  0.06989991887551517
34.585132859878506  0.061516061284532686
35.37586089817327  0.05975935828876988
36.06573018675169  0.0574335482856243
36.61608865370041  0.05151985456025754
37.334665061088664  0.04917623466498888
37.84889329457706  0.04410770127491048
38.565897976991515  0.04252909720037734
39.413732737163336  0.03859448726014447
40.202045493103654  0.03555384016820917
40.909442476319  0.034158245517458274
41.64536446932522  0.029773720633764267
42.48482197791834  0.027772819020656092
43.22725104981168  0.028844476536360686
44.008332591903304  0.02473035182810257
45.916054301564955  0.018082288062283514
46.78284641210793  0.018282621750693284
47.581139678754944  0.01639094626669335
48.37947608706141  0.014709456947582078
