#0.3529674170670223  0.561377398553004
#0.4914197876888853  0.5284307172066687
0.5072107135927144  0.6053641082101289
0.6309596876429655  0.5007824787669077
0.8162746858532035  0.4603216420257942
0.9545688703903767  0.4266042780748661
1.173629574225048  0.39333326779909816
2.1756738627527223  0.37460348338603655
3.05309308963408  0.3583682849253781
4.116588086383983  0.3439004010695186
5.1599120347628915  0.3305441962881408
6.230888323120757  0.31799307958477485
7.2189864021089445  0.30593740169864736
8.399134393100473  0.294655846964454
9.169950690208767  0.2865631363719142
10.301794501146086  0.274442631330607
11.198718447250924  0.26590681445671416
12.00279122036669  0.26052217678515244
12.359533086959706  0.2543418951290922
13.245291505101642  0.24728570305127384
13.985968186755313  0.2417849559609938
14.831588153424748  0.23464008598091624
15.590499076881967  0.22954073608052838
16.366425550181965  0.2248010380622837
17.199931039280187  0.2175916526065943
18.019288221158526  0.212200377477194
18.78714984057426  0.20747352416902576
19.592847893715792  0.20235315565214884
20.35451820564724  0.19890610254797103
21.18825881678952  0.19284223169092618
22.0406652061679  0.1892822035231203
22.721838497215842  0.18529804970116381
23.47297099659213  0.1810455331865365
24.66974759354845  0.17497640767536948
28.061106972446602  0.14249213589178966
28.701357240910987  0.1400066844919785
29.504582677775765  0.1356137936458005
30.32441118228369  0.13251880236781133
31.26738000392966  0.12799979982269993
32.28285916971295  0.12300787840658856
33.13748825333809  0.12045061340044028
33.87921489512886  0.11810003145643266
34.65554474294481  0.11532557407989918
35.475352755164494  0.11213074437358794
36.27309596565339  0.10755919528725422
37.09287593579443  0.10422774457376516
37.814625652415366  0.10084637464611501
38.64296708487623  0.09795631487889256
39.44968333479274  0.09365925233025929
40.423252081370926  0.08927853015678533
41.423196276174735  0.0830725070776972
42.32673146399134  0.08099166404529723
43.17933073253887  0.0783713431896822
43.84022185142277  0.07644760084206426
44.52864221630627  0.07259122365523729
45.42903616150433  0.06916979851326954
46.2933800183513  0.06558764548600182
47.017888763932625  0.06287420048233194
47.71310088892268  0.060663428267234476
48.48197813219359  0.056313953703532205
49.419421682639225  0.054445704541315365
50.283881056955934  0.051426352626612104
50.95383443499718  0.04963038691412369
51.640435486075916  0.04607974205725052
52.43626343394615  0.0442240194698762
53.40995082008784  0.04042130924984666
54.27467869446936  0.038710089650833446
54.99120233831745  0.03639804183705553
55.707755642056426  0.034230497011638716
56.572438246078164  0.032298720219863686
57.54645032997264  0.030077937451366443
58.56446780530085  0.02348910821012895
59.45035931269673  0.023884083044982463
60.31982630242457  0.022587684806542718
60.99379223998898  0.021390374331550666
61.70641716179985  0.019876533501100857
62.61189875748576  0.02138286768280473
63.41036459077061  0.0203319368583601
64.24915828861508  0.01923429799727372
64.99938215958827  0.018977403795742642
65.74967194143007  0.019041627346125356
66.60462698426001  0.018072435585804403
67.62090427074331  0.016968958220137775
68.67351761990675  0.016023120478137587
69.54480657436001  0.016023120478137587
