#0.41690227784518896  0.4483760616546082
0.48376753584217447  0.4911489462094998
0.6503078231261838  0.41817493708713416
0.6849802355634065  0.41022727272727266
0.8613972665100267  0.38537275872916
0.8958027399293425  0.3761245674740483
1.133490514344535  0.35499501939813327
2.1360211903926913  0.3374528153507391
3.0632304836758824  0.32353306976655494
4.139044013480989  0.3092816137150045
5.267535067379958  0.2990012582573136
6.138710466822419  0.2908678043409876
7.235021104068279  0.2787777209814405
8.235402832296105  0.27052622982553765
9.109729872187367  0.26219841145014144
10.26788759636869  0.2524300094369297
11.152424040729906  0.24515922749623342
12.37760699635029  0.2353679528852538
13.151538151080901  0.228974892799788
14.284188502910537  0.22078385498584452
15.139500142461499  0.21431164219135423
16.34200444345788  0.2068909248191254
17.12413228206951  0.20204342298416678
18.27212890426931  0.19414713746461143
19.127837570078874  0.18960923660204287
19.983816272221596  0.1868302401174372
21.364895997086634  0.17946450049035012
22.17304389024649  0.1758755373807276
23.15910378712597  0.1692571315044452
24.048218648206714  0.16549701163887998
24.739952555258377  0.1632716656181188
25.45645395418832  0.16085124056306999
26.30344404303917  0.1574337448883295
27.149301982634263  0.15362038707968395
28.03835190416445  0.1495438817238124
28.715712628096284  0.14804105064485684
29.446613904047844  0.14502816333752744
30.310887747941884  0.1411049072035231
31.284465236382637  0.13676677538451332
32.302572211732446  0.13061399024850573
33.18837671678173  0.13058508965083349
34.04099971324199  0.12808037118590732
34.70188170600561  0.1261121663803324
35.390311197009375  0.12230025165146252
36.291023595772664  0.1204303322792667
37.34381802637515  0.11444279218736586
38.194479874899116  0.11203090594526566
39.06394686462697  0.11073450770682591
39.73924687583558  0.10929883611198465
40.5222411866552  0.1061017201701957
41.28629281096543  0.10391304917688993
42.18529530834707  0.09940134476250384
43.03237141088148  0.09640290775401061
43.72006613512698  0.09513368983957204
44.47057908341571  0.09351072294284168
45.34542617795473  0.0900375511167032
46.1762958195141  0.08767348222711524
47.0286941917341  0.08407439446366771
47.72074249362907  0.08338078011953431
48.4614116149184  0.08096446348278197
49.3362119515118  0.07726348694558016
50.21096832167872  0.07334830597857245
50.96670234126849  0.0721922820716836
51.658459573609896  0.07146780555085042
52.38352120997763  0.06653494285414685
53.28671959325557  0.06281318810946823
54.13417237640414  0.061649939053161296
54.78390936096609  0.06048557843540525
55.44371980405515  0.05617795089095701
56.26185579147449  0.05420081000314547
57.10940052028478  0.05348552021075803
57.759179713152975  0.05252679846105446
58.41889996870054  0.047779777214440156
59.309658722346256  0.045877437873545146
60.17928079093214  0.045336583831393495
60.882035654325634  0.044024588445003454
61.59000802207906  0.042303397294746636
62.382167717901254  0.03783546630022672
63.31417515212391  0.03576679194053067
64.17059535797229  0.03513880150990878
64.84601547761521  0.0342882982069832
65.62922017592747  0.032116190129302336
66.39327180023768  0.029927519135996672
67.30590317358279  0.027583359547027175
68.16232516348475  0.026964061025479547
68.82982524483761  0.02584932368669368
69.56012590799887  0.024332042308901958
70.38501855425923  0.02183535178777385
71.29769988110476  0.01973456565288645
72.091207072601  0.021417898710285987
72.84140457922672  0.021032557407989927
73.6191027366752  0.02099402327776012
74.44675605966769  0.020647216105693422
75.31776459333445  0.019281006033915693
76.17268488316094  0.018142497640767363
76.92292193630784  0.017949826989619222
77.65705037316417  0.017885603439236508
78.47573190872019  0.017063541994337683
79.49202213770133  0.016023120478137587
